02af7fa274a3a49e9f9f3a8255eb6203.jpg#1#0#(1299,938,342,422)
024e2a12a1e16f32256427efa4a299bd.jpg#1#1#(770,352,230,368)
024e2a12a1e16f32256427efa4a299bd.jpg#1#1#(752,119,64,79)
018eb3759c29cdd57e523a869ff66cf6.jpg#0#1#(489,1218,826,1108)
0077e09396aa0ba75fcaae1e3799d3d0.jpg#0#1#(2355,1447,756,1325)
0153c2a1a24e2ba048f20b363b17d28f.jpg#1#1#(1011,1085,554,875)
005cbecea885d1418150bbdedca6e9bc.jpg#1#1#(2390,1151,746,1048)
00efb26a10e85a47f3fd6bb8852896b0.jpg#1#1#(2320,1052,519,857)
022d0841346351c4c8f767242d6d5456.jpg#0#1#(1226,1068,696,787)
0147802145417a88086f3977a55dfd6d.jpg#0#1#(948,1060,634,1201)
01a60583a84af4b413a32fe0df7b9de7.jpg#0#1#(1500,579,414,494)
01a60583a84af4b413a32fe0df7b9de7.jpg#0#1#(2039,987,603,966)
01802c0bf7d1e87bcbb2f886578b9c39.jpg#1#1#(1597,842,480,581)
00c757ba7df238c09f08a3408664bded.jpg#1#1#(1517,1378,748,951)
022fbf74bf12693e72420f90672b47f2.jpg#1#1#(1603,1068,601,847)
025017ce46d063cb1f5db57fe2e48990.jpg#0#1#(1013,1054,676,843)
00944c7a90932edf65e1c47f09270132.jpg#0#1#(1939,1085,656,950)
01c3ad5ee6a8a6fe0503383cf8eb7980.jpg#0#1#(1343,1096,693,858)
00a9e6f925d59563f493b282ed110cbc.jpg#1#1#(2177,1138,654,924)
02b98db06cc272ca4038191c13753f04.jpg#0#1#(1533,831,395,653)
00d4510ffd887a5551ca46b290970720.jpg#0#1#(718,1108,637,723)
02eade01fd2a457c1cb767788334a13e.jpg#1#1#(1480,1091,683,1064)
02eade01fd2a457c1cb767788334a13e.jpg#1#1#(1356,493,337,436)
0012cad44cf86093e6393e59e0d6efeb.jpg#0#1#(1755,1137,652,1058)
0180b31147d36ae5a32edd9a3a3940e3.jpg#1#1#(1444,1112,694,971)
0025e474100b4f05756e0df68619a0f0.jpg#0#1#(1922,1153,816,1105)
00013ba74afbf27e0e41fd488be62c40.jpg#0#1#(1898,1180,775,888)
01e6f58fb69fcbf3c355256c619e0e43.jpg#0#1#(1581,1025,746,844)
02ac13bf8f01cb1533f3a9ee1b4bbf19.jpg#1#1#(2922,1163,824,1268)
01ce8475f9a2a431556d3fb5bee43aae.jpg#0#1#(1752,1094,734,1081)
00acecb11ebad9b1c3647977e15b472b.jpg#0#1#(2178,997,642,914)
0127d83c870c04c6db0682ed6dd27162.jpg#0#1#(1097,972,630,799)
0127d83c870c04c6db0682ed6dd27162.jpg#0#1#(1212,452,238,331)
0127d83c870c04c6db0682ed6dd27162.jpg#0#1#(530,635,629,532)
02e5e7e4dc66982c8e5a5498d3e1742d.jpg#0#1#(1963,1083,840,847)
01c08702b7f7f562547e2a8718c8ab07.jpg#0#1#(2146,872,485,626)
02dcac9b76c1fc3ad543d32340ab26d7.jpg#1#1#(1988,1168,655,930)
0263de554ae90cb5dcddd4eab31f5172.jpg#0#1#(2045,858,509,800)
0294c72c3651576bf1d6665bfed70576.jpg#0#1#(1975,1147,841,1063)
01b28ccf26649a4d68b7796841c2c2a4.jpg#0#1#(1220,1081,696,1114)
01b28ccf26649a4d68b7796841c2c2a4.jpg#0#1#(564,683,403,511)
00b3d7c4884e52899ddce21fa5d4eea7.jpg#1#1#(1350,938,678,794)
00b3d7c4884e52899ddce21fa5d4eea7.jpg#1#1#(1967,654,397,450)
013643127506a43a01e303a725a8126f.jpg#0#1#(1373,856,519,605)
02acfbe1bcbb24461b3550c8bcb2d9d7.jpg#1#1#(2336,1109,566,1015)
0102e8b3e006c5b0146ec15cb4ea95a0.jpg#1#1#(1776,1365,990,1276)
022014a454e80e353bef2690ea813d87.jpg#0#1#(1358,1092,709,951)
0008ec851e66864a9ad38161f7e9d5a8.jpg#1#0#(2267,1152,604,1053)
00046e49559722ee8e8159593d028888.jpg#1#1#(1271,1095,865,1151)
010237b9a95b6133bba49b4884ce2e42.jpg#0#1#(2030,1028,646,848)
010237b9a95b6133bba49b4884ce2e42.jpg#0#1#(2189,406,300,373)
00ea97e2c06a75da09830c3555d02c90.jpg#1#1#(1628,947,697,934)
00ea97e2c06a75da09830c3555d02c90.jpg#1#0#(1860,157,141,170)
01c672bdb18dc60de44be911d0f5a6a2.jpg#1#1#(2164,1062,820,1385)
01d84d68f98ba89a3ac6bcb676f7b00c.jpg#0#1#(1950,1153,819,887)
010a2f7c617fdeddb09bec335df98e15.jpg#1#1#(1607,736,516,724)
01d9ad47ab619f0b0664e986ea790c06.jpg#0#1#(1714,1003,578,875)
021c507164d4d5e37cbae8cbac3199fd.jpg#1#1#(728,778,620,1004)
02013bb767e4c5b2fdbd0171552be57f.jpg#0#1#(1747,1091,682,1043)
0047a5d7a9d35a7d1a94dd4664f99ae1.jpg#1#1#(1979,1219,806,1233)
0273f116e6f887b524893d339d296ad3.jpg#0#1#(2115,1102,790,1037)
0232edb69067a70f65bdfb1640502e93.jpg#0#1#(1777,1118,659,1026)
02878b1672b709ecf0ff28b9f6a51001.jpg#0#1#(2329,1022,806,983)
005616f3d4f6cbdb9f41f708f193cb38.jpg#1#0#(1158,1266,805,945)
00802a2d26b7580634540c282806f6a1.jpg#0#1#(2260,1066,577,877)
0230f60cfb5c626ea94eb4f3b0541e9c.jpg#0#1#(1944,987,504,740)
01b3abc94ea858bc2042b9d072279346.jpg#1#1#(1150,961,473,686)
00d5e6d41cb26afdfdca62ec3d0e88df.jpg#0#1#(1779,1047,707,963)
026c62da4c7183cfd0b2dad62cb2ecde.jpg#1#0#(1717,1002,576,870)
01017b4f5dc5d635199d9670afd949fe.jpg#0#1#(1059,1027,652,739)
0267f10e5ec70fdd403e115d0311dfed.jpg#1#1#(1544,1241,609,903)
005365811a8f2de4d061fb2f824ff248.jpg#1#1#(1553,1273,885,946)
005365811a8f2de4d061fb2f824ff248.jpg#1#1#(902,685,420,648)
00b75476e165a156a73c29266dfdcb9e.jpg#0#1#(1450,1057,679,911)
0190b4cb574472b6f9f5c0628f4cdd5c.jpg#1#1#(1887,1144,712,1117)
00f1e9b50e4a95794f8c406f29570ec5.jpg#0#1#(2189,1013,615,809)
027b9548055ecff57555f8ed1c6b15c3.jpg#1#1#(1258,1238,558,835)
024ba4df15d6edf6005f0d68ecbf0b99.jpg#0#1#(1442,1060,694,958)
002733143d3fcbf90b24d51b04fb1168.jpg#0#1#(1979,997,696,832)
02ede9e5b79d2c34f3ac0d7d33267922.jpg#1#1#(1837,1123,878,1090)
009b89facf5c1163a495ea3f141ed2d2.jpg#0#1#(1946,967,667,867)
01510218356609bbbbf72508a796fea5.jpg#1#1#(1524,723,294,316)
01510218356609bbbbf72508a796fea5.jpg#1#1#(1102,1394,685,855)
017b7fbbb261669feae86d3187d774ae.jpg#1#1#(1500,1411,765,914)
01b99b385ba6ec46a0eaac59ff36e572.jpg#0#1#(2010,1060,691,1069)
023a381f2a1cf5ee8c11c1c9f0eadd2f.jpg#0#1#(1621,983,626,863)
023a381f2a1cf5ee8c11c1c9f0eadd2f.jpg#0#1#(2532,752,557,768)
009966ce9c9b2fc621a0ccf501d870c3.jpg#1#1#(1029,869,721,1247)
00242cb61a9fb9194e014b3bcc448600.jpg#0#1#(2552,826,573,513)
00feca2fa9a903eac2dbc485cb55514f.jpg#0#1#(1460,982,635,692)
00feca2fa9a903eac2dbc485cb55514f.jpg#1#1#(1553,284,168,189)
01c093263e35cd0f9dc61963fa24c147.jpg#0#1#(1660,991,641,902)
01c093263e35cd0f9dc61963fa24c147.jpg#0#1#(1846,459,365,311)
0221579b3252d9bebb81798cf8543809.jpg#0#1#(1337,990,678,752)
01bf45b5d36556ffc180c402857dc05a.jpg#0#1#(1548,1047,732,1058)
006269facabc38b7ecd5243e286c67ae.jpg#1#1#(635,341,242,502)
0252566ab79f486f5e29b64e6fdd18b8.jpg#0#1#(879,1249,895,1040)
00b63c888cf7ff163db205a913bd6ee9.jpg#1#1#(2100,1314,786,1012)
00b63c888cf7ff163db205a913bd6ee9.jpg#1#1#(1534,499,238,383)
01767776d90155853574bbf9b8f66484.jpg#1#1#(2445,1134,855,989)
02031672a0534179f387ef3d11417a4e.jpg#0#1#(1316,1055,646,809)
02126f73a472cafe87c38f74e420d75d.jpg#0#1#(1989,989,551,793)
018ea2c4b93665fef3b32a5eef45435a.jpg#1#1#(531,1426,855,1196)
00c3c4021faa442717308145805b2154.jpg#0#1#(657,1345,679,1034)
014f328da8e0a69c217fc10635c3f7a8.jpg#1#1#(438,1299,1009,860)
0288adf5b73827b8669d7462ef6d8de5.jpg#1#1#(2044,1222,823,1061)
00c47513ebb05513941987d5387d36ce.jpg#1#1#(1307,1033,648,1037)
020df1c1a3fe14ec73e1e4a6a31cea93.jpg#0#1#(2187,1052,631,938)
02417750d2945c439841ba60ebcf7ad9.jpg#1#1#(1778,889,655,1048)
005e8deb6c86fbcbe678023a6b5270a8.jpg#0#1#(1448,996,678,854)
028b5c810371992d4ab9505dbda4ad6b.jpg#0#1#(1015,1102,790,1021)
008ee7bc868a0876eece3a7d5b589f56.jpg#1#1#(1752,1379,797,1134)
01f62baa787a82bf7585faf3ce82a8f4.jpg#0#1#(1531,1054,658,877)
0232a676ea70ec4533d2d397129da511.jpg#1#1#(1547,1049,569,805)
01dce76be1b050dcf3f1014cd670acfc.jpg#0#1#(1630,1148,844,1024)
